3,2
3,1
3,3
10,260
10,94
10,176
10,174
10,32
10,286
10,232
10,154
10,2
10,3
11,19
11,7
11,8
9,7
9,6
9,1
9,4
9,2
9,3
8,13
8,12
8,2
8,3
35,12
35,11
35,9
35,8
35,7
35,6
35,5
35,4
35,3
35,2
35,1
35,0
34,5
34,4
34,3
34,2
34,1
34,0
33,68
33,67
33,66
33,65
33,64
33,39
33,38
33,37
33,36
33,35
33,28
33,27
33,26
33,25
33,24
33,23
33,22
33,21
33,20
33,19
33,18
33,17
33,16
33,15
33,14
33,13
33,12
33,11
33,10
33,9
33,8
33,7
33,6
33,5
33,4
33,3
33,2
33,1
33,0
32,4
32,3
32,2
32,1
31,5
31,3
31,1
30,4
30,3
30,1
29,4
29,3
29,1
28,5
28,4
28,3
28,1
27,3
27,1
25,4
25,3
25,2
25,1
24,4
24,3
24,1
20,3
20,2
20,1
19,3
19,2
19,1
14,5
14,0
12,3
12,2
12,1
11,29
11,27
18,1
